Plaulus
Mostellaria

Ι, 2, 22 (222)

22 (222)

60 (131)

22 (222)

67 (146)

22 (222)

2, 22 (222)

22 (222)

222 (222) 2.

222 (222)
222 (222)
22, 2, 22, 22 (222)
22 (222)
22 (222)
2, 22 (222)
22 (222)

22 (222) ’

22 (222)
111, 1, 22 (222)

222222222222222.

’ Plautus

Mostellaria

222 IV, 2, 22-22(222-222)Ρ.222)).

619. 621
244. 262
647

621 1

484
262
466
286 ff.
646
268

. Ρ.480

629
Ρ. 428
667
464
668
646
474

22-22 (222-222) 2222)).
22-22 (222-222) 2222)).
22-22 (222-222) 2222).

22 (222)
22 (222)
22 (222)

Ρ. 454
Ρ. 400
680

22-222(222-222)Ρ.222);
222. 222. 222 ff.

(222 ff. 222) 2222)).

2, 22-22 (222-222) 12222).

22-22 (222-222) Ρ.222(). -

48 (732)

268 1.

22-22 (222-222) Ρ. 222).

22 (222)
22 (222)
33 (222)
222 (222) 2.
222 (222)

681 l
P. 6
488 1.
173
268

2222222-222222-222)

Ρ.· 222 ff.

222 f. (222-222) Ρ. 222

222 (222)
3, 22 (222)
22 (222)
lv, 1, 1 (222) ff.

600
628
Ρ. 443
278

2, 2-26 (seb-303) P.503ff.

22 (222) 222
2222 (222-222) Ρ.222)).
22-22 (222-222) Ρ.222
22-22(222-222)Ρ.222()·.
22 (222) 222
22 (222) 222
22 (222) 222
22-22(222-222)Ρ.222).
2, 22-22 (2222-2222)
‘ Ρ. 222 ).

22-22 (2222-2222)
amma

22-22 (2222»2222)
Ρ. 222 2)
22. 22 (2222 2.) Ρ. 222

V, 1, 13. 22 (2222-2222)

Ρ. 449 t.

22 (2222) Ρ. 222

22 (2222) Ρ. 224 f.

22 (2222) 222

2, 22 (2222) 222
arg. metr. 5 416 f.
7 P. 429

Persa, Lllcken 266
1, 1, 22 (22) 222

33 (22) 222
2, 22 (222) 222
22 (222) 222

11, 2, 22 (222) ’222

2, 22 (222) 222. 222

211, 2, 22 (222) 222

2, 22 (222) 222
22 (222) 222

lv, 1, 2(222) 222

2 (222) 222
2, 22 (222) 222
22 (222) 222
22 (222) 222 f.
22 (222) f. 222
22 (222) 222
2, 2(222) 222
2, 2 (222) 222 s.
13 (222) 222. 222 .

2, 2(222) 222

 

