, 804 525255555525225.

Plautus
Bacchides
111, 2, 25 (455) m
³, ²3 (42⁷) 484 ‚ .
52 (455) ff. 555. 5522. 524 ¹
4, 14 (522) ff. 225. 255. , 5222. 5542.
P. 42011.
22 (522) 550
5, 20 (555) 552
25 (545) P. 4452.
26 (654) 419
IV, 5 6555) 525
4, 84 (736) 242. P. 541
104051) 242
⁷, 12 (520) . 5422.
25 (525) Ρ. 405
35 (833) 250 ’4 143831.
552 Casina, 1221012522 1111.
³15 prol 1-4 P. 202).
497 5-5 P.1991.321
Ρ. 425 54. 5554
22 (545) 455 5-20 P. 252 2).
25 (542) 452 · 25 P. 255).
25 (549) 425 22 ff. 555
42 (555) 545 55 555
50 (524) P. 4552, 54 1225(-
52 (2020) 4252. 42 542
22 (1022) 420 4111. P.211 f.
245 (2025) ff. P. 253. 45 42. 245
423ss, 52 1. P. 141
V, 2, 20052) 545 1, 2, 2 255
50055) 552 42 554
45050) P. 422 ,0, 5, 24 2455 ¹
10 (2055) ff. 502 ff. 5,2 550 ,
22 (2055) 525 5, 22. 225 455 )
24 (2200) P. 425 ΠΙ, 2, 20 550
2, 5(2222) Ρ. 405 4, 20 P. 252
25 (2254) 525 5, 5542. 2452452. ,
55 (2254) 455 245425
25 (2252) 22. Ρ, 411 252 4

'Captivi 2. 55 2
52048 524
101. ’ P. 2222.

254. ·, P. 2222.
24 P. 22
52 552
. 55 P. 252

 

