806 , 111111111111111.

Plautus · Plautus
111111111 Miles gloriosus ·
prol.=1, 1, 6 Ρ. 211. 11, 1, 16 (181) 116
111. Ρ. 1ο 11 (111) 111
11 1111. 11 (111) 111. 111
51 664 101 (256) 421
11 1111 1, 1(111) 111
11 111 11 (111)
1, ·‚› 1-1(111-111 111) 11 (111) 111
11111. 11(111) ·
4161. 4, 6(366)
11111. 1(111)
111 11 (111)
1111. 1,11(111)
282 6, 17. 37 (497. 517) 431
5276 688 71 (551 5811. 5931.
111 (111 111 .
11) 1111. ’ 111
) 111 ’ 111
111) 100 111
1111.) 111 , , 111
ΙΙΙ, 1, 13 (511) 453 ’249
1, 111111) 111 2 ’ 111
11,1,11 (111) 111 1111. (111..) 111
1, 11. 11 (111111) 111 111 (111) 111
311111)11 111. 111 111 (11111. 111. 1111.
1,·. ⁰ ,11 (111) 111 111 (111) 1111.
11(111) 111 111 (111) 111

643(
3(
64(
3(

3111 (111) 111 111 (111) 111
41( 66) 431 ’ 1,34 (848) 441
1,11111 ) 11111. 111111) 111
11(1111) 111 11, 1, 11 (111) 111
11 (1111) 111 10 (1111. 1111.
arg. 111111. 11 3161. 416 4, 23 (1159) 1711
Miles gloriosus 21 (1133) 696
. 1,1,11 111111 11 (1111) 111
44 6491. 44( .
59 1. 255 56 (1193)ff 1441.
611. P.409 5, 50201) 1121.
11,1 1(11) Ρ. 111 111 (1111) 111
17 (97) 592 31 (1341)
266 V, 1, ((1694)
111 11 (1111)
640 1111111114. 46511. Ρ. XXXI
463 Mostellaria
111 1,1,11(11)
111 1,11(11)

 

