0
808 1111111111111111.

Plautus Plautus
Persa - Pseudulum

IV, 1, 11 .. (111) 111 1,1,11 (311) 111
v, 1, 1111) 111 11 (111) 111
1, 11 (111) 111 ’11 (111) 1111111
’11111111 “ 111 (311) 111
prol. 17 ff. P. 211 s. 113 (311) 156. 1111.
11 ff. Ρ. 111 s. 111 (111) 1111. 111
11 f. 1³:225 1, 1111) 111
11 Ρ. 111 1, 1(111) 111
11 Ρ. 111 11 (111) Ρ. 111
11 111 111 (111) 111. 111
111 “ 545 111 (611) Ρ. 111
Ι,1, 11 111 11,1,,1(111)1·. 11111111.
11 545. 551 1, 16 (610) 111
Ι11 ff. 1111. 1111. 11 (611) 111
111 111 “ 511648) 551
111 111 55 (554) 555
11, ·1 1111 f, 4, 111. (111 ..) 111
11 111 91166) 111
111, 1, 11 111 11 (111) 111
1, 11 ,5⁷2 11 (111) 111
1, 15' 111 16 (111) 118
11 111. 111 11 (111) 111
Ι1, 1 111 111, 1, 11161) 116
1 111. 111 1, 11 (111) 1111.
1111, 1 1111. 111841) 111
1, 11 111 811110) 111
·v, 1, 1 111. P. 111 1111111111) 6111.
. 111 1111. 111116) 111
11 , 453 1, 11 (1111) 111
1ο 250 4, 15 (1111) 111
98 454 5, 11 (1111) ff. 1111111.
111 111 11 (1111) 111
1, 6 339 1, 71 (1167) f. Ρ. 429
7, 3 175 73 (1169) 181
Punica 118 1. 99 (1196) 191
pseudulus, 111111 111. 111. 111 ¹¹⁷ (11111 111
1, 1,11. 11, 11. 11 111 V, 1, 1411161) 111
11 15542 35 (1111) 111
11 1111. 1, 11111) 255
111 11-11(1111-1111)Ρ.111

111 1111111111
1111. 111111 . 111
111 13 111
111 1, 1, 4 (55) Ρ. 111
111 1, 11 (111) 250

 

