STELLENREGISTER.

Plautus
Casina, arg. 4444141 4161.
Cistellaria, Lficken u. 6444444414
444. 444. Ρ. 4744.
1, 1, 2. 4474. 444444 444
4, 4-44 14447
6, 28 647
66 418
4211. P.'237
11, 4, 44 444
” 461. Ρ. 191
46 646
lv, 4, 441. 444
61 666
76 686
Curculio
1, 4, 44. 44 (444. 444) 447
11,1, 71. 261. (2221. 2411.)
274 ff.
62611.
624
616. 687

686

4, 44. 44( 7 444) Ρ. 447

664

Ρ. 3811.

247 1.

626 11.

38 (716) 684
Epidicus

1, 1, 44 4444.

40 248 1.

47 2811. 466

66 ff. 246

4, 44 4444.

26 660

40 624

11, 4, 44 444

4, 44 134444)
V, 1, 7 (447
4, 44 (744)

88 Ρ. 396 ·

444. 444

411, 4, 441. 447
4, 4 444

4, 44 444

4, 44 ff. 444

, 44 1. 444

Plautus

Epidicus
ΠΙ, 4, 68 667
17, 4, 44 444
7, 4, 44 444
Menaechmi
prol. 12 464
Ι,1,1086 426
2, 1 628
646. 661
666
610
266
646
668
·.Ρ 4281.
4661.
726
4477) 444
3’12 (686)1. Ρ. 641
7,,4 4444) 4444444
67 (786) 246
14 (744) 444
464
6441
636 f.
478. 482
262
4,44 944)ff. 47411747
44 (4441. 474
660
Ρ. 641
277

221928)
444444)
6, 16(6 81411.
44.(444) 447

7, 6. 616 (662. 6661062)
466

47 (4444) 444

4, 44444) 444

9, 26 (1088) ff. 66611. 676.

676. 680

61 (1460) 646

44 (4444) 447

68 (1117) 646. 661

44 (4444) 444

arg. metr. 2. 3 4161.
Mercator, Liicken 267
proi: —1, 1, 1-18 Ρ. 1611.

 

