Μ .

Plautus
Trinummus .
11,1,3(113) Ρ. 515
9(136) 593
1(131)1583
(1314111511
. ⁸ 11(151) Ρ. 337
1,11(1 90.)1 Ρ.517.5351.
9(133)1. 583
W33 P.mffi
34(335) 1131.
, 41313) 141
31113) Ρ. 313
6( 3) Ρ. 546
66 (356)
· 11 (133)
11 (131)
33 (113)
30 (111)
3, 1(338)

Ρ. 323
Ρ. 523
Ρ. 516
P. 5263.
P. 533
4,1.(411)1 Ρ.3131
11111) P. 34311.
13111) P 323
413) 4111

13 23541 4704. 514. 519

11)»(1ΞΞ1. 1152515281.

600. 615
Ρ. 353

13(
31(
111(13) Ρ. 333
113 (311) 341. 331. 333
141 (14111. 1133134411.
144 (3411. Ρ. 341341.

45
42
1 ᾗ)

· mm
111 mn
Ἰ’1141311311
ffl,mmmr m
' mm) ΡΜ
mm) 31
11-33 (133-331) P.333
aeffiwffioewffi
111
mwffi ΡΨ
smwffnmffi
mwmfi ΡΜ
ww,me
waemmm
. P. 36311.

Ρ. 513 ·

3

513111233131151531311.

Plautus

Trinummus

111, 3, 31-40(166-710)
' Ρ. 3111).
39 .. (768) f. 133
58 (13111. P. 53611.
63 (731) 568
34 (814) Ρ. 516

IV, 1, 1-11(316-341)
Ρ. 54611.
,6 (811) 153
1, 1(644) 411
3(345) Ρ. 346
14 (331) 413
43 (601) 154
55 (300) 415
76 (310) Ρ. 521
88 (333) 1. Ρ. 341
115 (333) P. 518
113 (353) Ρ. 354
113 (313) 341. 331
148 (930) Ρ. 348
1, 13 (1331) ff. P. 331313
46 (1051) 313
4, 5(1091) 1. Ρ. 55911,
18-11 (11101.) Ρ.556
v, 1, 1, (1131) Ρ. 331
311111) 331. 568
6(1130) 710
11 (1114) 11. 13111.
30 (1114) 1. Ρ. 311
3111111131 411

Τω1111111113

1, 1, 41 333
45 ff. 3851.
3, 3 413
ΙΙ, 1, 39 333
4, 333. 115
55 1311111
33 330
6,14 511
16 155
65 148
1,13 114
51. 60. 64 153
IV, 1, 5 333
33 330

 

